{
  "nbformat": 4,
  "nbformat_minor": 0,
  "metadata": {
    "colab": {
      "provenance": []
    },
    "kernelspec": {
      "name": "python3",
      "display_name": "Python 3"
    },
    "language_info": {
      "name": "python"
    }
  },
  "cells": [
    {
      "cell_type": "markdown",
      "source": [
        "M = 5, N^2 = 9"
      ],
      "metadata": {
        "id": "xxKtrvkba9yT"
      }
    },
    {
      "cell_type": "code",
      "execution_count": null,
      "metadata": {
        "colab": {
          "base_uri": "https://localhost:8080/"
        },
        "id": "5pblEcQpYPFv",
        "outputId": "4bcd20fa-db93-478c-c1a6-4c70a03dd6cb"
      },
      "outputs": [
        {
          "output_type": "stream",
          "name": "stdout",
          "text": [
            "[[7 6 7 5 9 3 7 9 4]\n",
            " [6 6 3 3 8 1 9 7 3]\n",
            " [8 5 2 8 1 1 8 5 5]\n",
            " [3 0 6 9 5 1 8 9 2]\n",
            " [6 5 9 9 8 8 1 2 8]]\n"
          ]
        }
      ],
      "source": [
        "import numpy as np\n",
        "X = np.random.randint(10, size=(5, 9))\n",
        "print(X)"
      ]
    },
    {
      "cell_type": "markdown",
      "source": [
        "Matrix form of X"
      ],
      "metadata": {
        "id": "HWBtbMXJbCCL"
      }
    },
    {
      "cell_type": "code",
      "source": [
        "print(X.T)"
      ],
      "metadata": {
        "colab": {
          "base_uri": "https://localhost:8080/"
        },
        "id": "cHr0iz98orcX",
        "outputId": "b70e4db6-20fc-4bd2-f1c5-d13d7fc4efed"
      },
      "execution_count": null,
      "outputs": [
        {
          "output_type": "stream",
          "name": "stdout",
          "text": [
            "[[7 6 8 3 6]\n",
            " [6 6 5 0 5]\n",
            " [7 3 2 6 9]\n",
            " [5 3 8 9 9]\n",
            " [9 8 1 5 8]\n",
            " [3 1 1 1 8]\n",
            " [7 9 8 8 1]\n",
            " [9 7 5 9 2]\n",
            " [4 3 5 2 8]]\n"
          ]
        }
      ]
    },
    {
      "cell_type": "markdown",
      "source": [
        "The Mean array: Mean of Xi in X"
      ],
      "metadata": {
        "id": "O0V3T1EPo9ey"
      }
    },
    {
      "cell_type": "code",
      "source": [
        "phi = np.mean(X, axis = 0)\n",
        "print(phi)"
      ],
      "metadata": {
        "colab": {
          "base_uri": "https://localhost:8080/"
        },
        "id": "TJHk0mBAYe4o",
        "outputId": "570c677e-4cb9-464b-c2d3-aab5e87ec356"
      },
      "execution_count": null,
      "outputs": [
        {
          "output_type": "stream",
          "name": "stdout",
          "text": [
            "[6.  4.4 5.4 6.8 6.2 2.8 6.6 6.4 4.4]\n"
          ]
        }
      ]
    },
    {
      "cell_type": "markdown",
      "source": [
        "New created X matrix with Ai = Xi - phi"
      ],
      "metadata": {
        "id": "Xql8RnTabG2C"
      }
    },
    {
      "cell_type": "code",
      "source": [
        "A = X - phi\n",
        "A = A.T\n",
        "print(A)"
      ],
      "metadata": {
        "colab": {
          "base_uri": "https://localhost:8080/"
        },
        "id": "ZinJW8SmYrl6",
        "outputId": "5706496d-cdfd-4b73-8dac-0de5a0238acb"
      },
      "execution_count": null,
      "outputs": [
        {
          "output_type": "stream",
          "name": "stdout",
          "text": [
            "[[ 1.   0.   2.  -3.   0. ]\n",
            " [ 1.6  1.6  0.6 -4.4  0.6]\n",
            " [ 1.6 -2.4 -3.4  0.6  3.6]\n",
            " [-1.8 -3.8  1.2  2.2  2.2]\n",
            " [ 2.8  1.8 -5.2 -1.2  1.8]\n",
            " [ 0.2 -1.8 -1.8 -1.8  5.2]\n",
            " [ 0.4  2.4  1.4  1.4 -5.6]\n",
            " [ 2.6  0.6 -1.4  2.6 -4.4]\n",
            " [-0.4 -1.4  0.6 -2.4  3.6]]\n"
          ]
        }
      ]
    },
    {
      "cell_type": "markdown",
      "source": [
        "Covaraince Matrix: M x M size since At = M x N^2 and A = N^2 x M and Cov = At x A"
      ],
      "metadata": {
        "id": "jA6XaIZ7cDhD"
      }
    },
    {
      "cell_type": "code",
      "source": [
        "cov = A.T @ A\n",
        "print(cov)"
      ],
      "metadata": {
        "colab": {
          "base_uri": "https://localhost:8080/"
        },
        "id": "UZUsyrAyYy8j",
        "outputId": "5f67bb2c-0194-4ce3-e959-77e2b4fb4df0"
      },
      "execution_count": null,
      "outputs": [
        {
          "output_type": "stream",
          "name": "stdout",
          "text": [
            "[[ 24.32  13.32 -22.88  -8.48  -6.28]\n",
            " [ 13.32  37.32   0.12  -7.48 -43.28]\n",
            " [-22.88   0.12  51.92  -1.68 -27.48]\n",
            " [ -8.48  -7.48  -1.68  52.72 -35.08]\n",
            " [ -6.28 -43.28 -27.48 -35.08 112.12]]\n"
          ]
        }
      ]
    },
    {
      "cell_type": "code",
      "source": [
        "values1, vectors1 = np.linalg.eig(cov)\n",
        "print(values1)\n",
        "print()\n",
        "print(vectors1)"
      ],
      "metadata": {
        "colab": {
          "base_uri": "https://localhost:8080/"
        },
        "id": "HehiwpHVb-gg",
        "outputId": "43fdab49-ee6f-47c6-ff5e-e04ed4f8ab8c"
      },
      "execution_count": null,
      "outputs": [
        {
          "output_type": "stream",
          "name": "stdout",
          "text": [
            "[1.47660727e+02 4.53996194e-15 7.69412295e+00 6.68712060e+01\n",
            " 5.61739441e+01]\n",
            "\n",
            "[[-0.01443128 -0.4472136   0.70226399 -0.55295725 -0.0292457 ]\n",
            " [-0.3228464  -0.4472136  -0.63093265 -0.44767294  0.31190246]\n",
            " [-0.2410243  -0.4472136   0.23940211  0.64458993  0.51874631]\n",
            " [-0.28974997 -0.4472136  -0.11562837  0.26447449 -0.79544219]\n",
            " [ 0.86805195 -0.4472136  -0.19510509  0.09156576 -0.00596088]]\n"
          ]
        }
      ]
    },
    {
      "cell_type": "code",
      "source": [
        "cov_d = A @ A.T\n",
        "print(cov_d)"
      ],
      "metadata": {
        "colab": {
          "base_uri": "https://localhost:8080/"
        },
        "id": "Stw9vXnychLh",
        "outputId": "2a693f10-f858-448e-9e89-804fa2945b0f"
      },
      "execution_count": null,
      "outputs": [
        {
          "output_type": "stream",
          "name": "stdout",
          "text": [
            "[[ 14.   16.   -7.   -6.   -4.    2.   -1.   -8.    8. ]\n",
            " [ 16.   25.2  -3.8 -16.6  10.6   7.4  -4.2  -9.8  10.2]\n",
            " [ -7.   -3.8  33.2  11.4  23.6  28.4 -29.2  -6.8  12.2]\n",
            " [ -6.  -16.6  11.4  28.8 -16.8  11.8 -17.4 -12.6   9.4]\n",
            " [ -4.   10.6  23.6 -16.8  42.8  18.2 -13.6   4.6   2.6]\n",
            " [  2.    7.4  28.4  11.8  18.2  36.8 -38.4 -25.6  24.4]\n",
            " [ -1.   -4.2 -29.2 -17.4 -13.6 -38.4  41.2  28.8 -26.2]\n",
            " [ -8.   -9.8  -6.8 -12.6   4.6 -25.6  28.8  35.2 -24.8]\n",
            " [  8.   10.2  12.2   9.4   2.6  24.4 -26.2 -24.8  21.2]]\n"
          ]
        }
      ]
    },
    {
      "cell_type": "markdown",
      "source": [
        "5 eigenvectors of Cov_d which are At x Ei where Ei are the eigenvectors of Cov"
      ],
      "metadata": {
        "id": "wUGz0p5NeU0O"
      }
    },
    {
      "cell_type": "code",
      "source": [
        "e1 = A @ vectors1[0]\n",
        "# print(e1)\n",
        "e2 = A @ vectors1[1]\n",
        "# print(e2)\n",
        "e3 = A @ vectors1[2]\n",
        "# print(e3)\n",
        "e4 = A @ vectors1[3]\n",
        "# print(e4)\n",
        "e5 = A @ vectors1[4]\n",
        "# print(e5)\n",
        "cov_d_eig = np.array([e1, e2, e3, e4, e5])\n",
        "print(cov_d_eig)"
      ],
      "metadata": {
        "colab": {
          "base_uri": "https://localhost:8080/"
        },
        "id": "5ebODUXYdTbR",
        "outputId": "e1b9ab14-52ae-4ab8-96c2-bfa7eafa42c6"
      },
      "execution_count": null,
      "outputs": [
        {
          "output_type": "stream",
          "name": "stdout",
          "text": [
            "[[ 3.04896844  2.09819107 -1.77453384  1.28725827 -3.88625835  0.38126846\n",
            "  -0.7062798  -2.59802684  2.27504282]\n",
            " [-0.24169288  0.54624682  3.55617448  1.22472095  2.67052733  4.30379802\n",
            "  -4.45915276 -2.76074352  2.57394189]\n",
            " [-1.69598986 -3.48248726  2.12794725  4.97987767 -2.56450805  1.86307477\n",
            "  -2.83711285 -1.83670425  1.18662092]\n",
            " [-1.31443018 -2.88947181 -1.70205807  0.91407865 -2.76418223 -3.65718794\n",
            "   3.47364822  3.32778093 -2.82570866]\n",
            " [ 0.20314448  0.14981243  3.15903332  0.09112278  2.51949894  1.13396906\n",
            "  -0.83766596  2.5260529  -0.07940181]]\n"
          ]
        }
      ]
    },
    {
      "cell_type": "markdown",
      "source": [
        "EigenValues of Cov and Cov_d"
      ],
      "metadata": {
        "id": "tRRX0b8Qe7VF"
      }
    },
    {
      "cell_type": "code",
      "source": [
        "print(values1)"
      ],
      "metadata": {
        "colab": {
          "base_uri": "https://localhost:8080/"
        },
        "id": "KQxSC9lne-xo",
        "outputId": "6131734f-cad9-46c3-9a5f-8fafa0af8690"
      },
      "execution_count": null,
      "outputs": [
        {
          "output_type": "stream",
          "name": "stdout",
          "text": [
            "[1.47660727e+02 4.53996194e-15 7.69412295e+00 6.68712060e+01\n",
            " 5.61739441e+01]\n"
          ]
        }
      ]
    },
    {
      "cell_type": "markdown",
      "source": [
        "Let's select the Top k highest EigValues and corresponding EigVectors of Cov_d"
      ],
      "metadata": {
        "id": "PU7awZz9fDOo"
      }
    },
    {
      "cell_type": "code",
      "source": [
        "k = 3\n",
        "indices = np.argsort(values1)[-3 : ][::-1]\n",
        "print(f\"The indices of the top {k} Eigenvalues are:\")\n",
        "print(indices)\n",
        "print(f\"\\nThe corresponding top {k} Eigenvectors of Cov_d are:\")\n",
        "print(cov_d_eig[indices])"
      ],
      "metadata": {
        "colab": {
          "base_uri": "https://localhost:8080/"
        },
        "id": "yLeFT2JpeqWe",
        "outputId": "9d9f5733-757b-4797-d845-34508640ec43"
      },
      "execution_count": null,
      "outputs": [
        {
          "output_type": "stream",
          "name": "stdout",
          "text": [
            "The indices of the top 3 Eigenvalues are:\n",
            "[0 3 4]\n",
            "\n",
            "The corresponding top 3 Eigenvectors of Cov_d are:\n",
            "[[ 3.04896844  2.09819107 -1.77453384  1.28725827 -3.88625835  0.38126846\n",
            "  -0.7062798  -2.59802684  2.27504282]\n",
            " [-1.31443018 -2.88947181 -1.70205807  0.91407865 -2.76418223 -3.65718794\n",
            "   3.47364822  3.32778093 -2.82570866]\n",
            " [ 0.20314448  0.14981243  3.15903332  0.09112278  2.51949894  1.13396906\n",
            "  -0.83766596  2.5260529  -0.07940181]]\n"
          ]
        }
      ]
    },
    {
      "cell_type": "markdown",
      "source": [
        "These top K Eigenvectors are called EIGENFACES"
      ],
      "metadata": {
        "id": "E5MByJtx6Gvh"
      }
    },
    {
      "cell_type": "markdown",
      "source": [
        "Now we want to represent each Ai which is Xi - phi as the linear combination of each of the Top k eigenvectors as Ai = Xi - phi = (wi,1 x E1) + (wi,2 x E2) + .... + (wi,k x Ek)"
      ],
      "metadata": {
        "id": "da3Scfq1iUc0"
      }
    },
    {
      "cell_type": "markdown",
      "source": [
        "### **Let's see PCA**"
      ],
      "metadata": {
        "id": "SIJn4CWS6oSI"
      }
    },
    {
      "cell_type": "code",
      "source": [
        "from sklearn.decomposition import PCA\n",
        "from sklearn.datasets import load_wine\n",
        "from sklearn.preprocessing import StandardScaler\n",
        "wine = load_wine()\n",
        "X, target = wine.data, wine.target\n",
        "print(X.shape)\n",
        "print(X)"
      ],
      "metadata": {
        "colab": {
          "base_uri": "https://localhost:8080/"
        },
        "id": "9h1TDLTyfqz9",
        "outputId": "6bc2b2ec-35ac-4e60-cf5b-dcc0947092bc"
      },
      "execution_count": null,
      "outputs": [
        {
          "output_type": "stream",
          "name": "stdout",
          "text": [
            "(178, 13)\n",
            "[[1.423e+01 1.710e+00 2.430e+00 ... 1.040e+00 3.920e+00 1.065e+03]\n",
            " [1.320e+01 1.780e+00 2.140e+00 ... 1.050e+00 3.400e+00 1.050e+03]\n",
            " [1.316e+01 2.360e+00 2.670e+00 ... 1.030e+00 3.170e+00 1.185e+03]\n",
            " ...\n",
            " [1.327e+01 4.280e+00 2.260e+00 ... 5.900e-01 1.560e+00 8.350e+02]\n",
            " [1.317e+01 2.590e+00 2.370e+00 ... 6.000e-01 1.620e+00 8.400e+02]\n",
            " [1.413e+01 4.100e+00 2.740e+00 ... 6.100e-01 1.600e+00 5.600e+02]]\n"
          ]
        }
      ]
    },
    {
      "cell_type": "markdown",
      "source": [
        "### **Scaling using StandardScaler**"
      ],
      "metadata": {
        "id": "01uvVlLriynO"
      }
    },
    {
      "cell_type": "code",
      "source": [
        "scaler = StandardScaler()\n",
        "scaler.fit(X)\n",
        "X_scaled = scaler.transform(X)\n",
        "print(X_scaled)"
      ],
      "metadata": {
        "colab": {
          "base_uri": "https://localhost:8080/"
        },
        "id": "wShOscTdiier",
        "outputId": "5d0dca0f-82c6-4194-c181-d0780f6696cb"
      },
      "execution_count": null,
      "outputs": [
        {
          "output_type": "stream",
          "name": "stdout",
          "text": [
            "[[ 1.51861254 -0.5622498   0.23205254 ...  0.36217728  1.84791957\n",
            "   1.01300893]\n",
            " [ 0.24628963 -0.49941338 -0.82799632 ...  0.40605066  1.1134493\n",
            "   0.96524152]\n",
            " [ 0.19687903  0.02123125  1.10933436 ...  0.31830389  0.78858745\n",
            "   1.39514818]\n",
            " ...\n",
            " [ 0.33275817  1.74474449 -0.38935541 ... -1.61212515 -1.48544548\n",
            "   0.28057537]\n",
            " [ 0.20923168  0.22769377  0.01273209 ... -1.56825176 -1.40069891\n",
            "   0.29649784]\n",
            " [ 1.39508604  1.58316512  1.36520822 ... -1.52437837 -1.42894777\n",
            "  -0.59516041]]\n"
          ]
        }
      ]
    },
    {
      "cell_type": "markdown",
      "source": [
        "### **Standard Scaler working: replace each Xi in X with (Xi - mean)/(std), where mean = sum(Xi)/N (it is itself an array like Xi) and std = root(sum(Xi - mean)/N)**"
      ],
      "metadata": {
        "id": "gbs8m1Q5lXaS"
      }
    },
    {
      "cell_type": "code",
      "source": [
        "means = np.mean(X, axis = 0)\n",
        "stds = np.std(X, axis = 0)\n",
        "My_X_scaled = (X - means)/stds\n",
        "print(My_X_scaled)"
      ],
      "metadata": {
        "colab": {
          "base_uri": "https://localhost:8080/"
        },
        "id": "ypQOvXZ5flBN",
        "outputId": "bae0996d-7d30-4206-8b1f-255dc2722501"
      },
      "execution_count": null,
      "outputs": [
        {
          "output_type": "stream",
          "name": "stdout",
          "text": [
            "[[ 1.51861254 -0.5622498   0.23205254 ...  0.36217728  1.84791957\n",
            "   1.01300893]\n",
            " [ 0.24628963 -0.49941338 -0.82799632 ...  0.40605066  1.1134493\n",
            "   0.96524152]\n",
            " [ 0.19687903  0.02123125  1.10933436 ...  0.31830389  0.78858745\n",
            "   1.39514818]\n",
            " ...\n",
            " [ 0.33275817  1.74474449 -0.38935541 ... -1.61212515 -1.48544548\n",
            "   0.28057537]\n",
            " [ 0.20923168  0.22769377  0.01273209 ... -1.56825176 -1.40069891\n",
            "   0.29649784]\n",
            " [ 1.39508604  1.58316512  1.36520822 ... -1.52437837 -1.42894777\n",
            "  -0.59516041]]\n"
          ]
        }
      ]
    },
    {
      "cell_type": "markdown",
      "source": [
        "### **Covariance Matrix Cov = (A x At)/(M - 1)**"
      ],
      "metadata": {
        "id": "QyLFVK7Ap0mw"
      }
    },
    {
      "cell_type": "code",
      "source": [
        "cov = np.cov(My_X_scaled.T)\n",
        "print(cov)\n",
        "print()\n",
        "Mycov = (My_X_scaled.T @ My_X_scaled)/(My_X_scaled.shape[0] - 1)\n",
        "print(Mycov) "
      ],
      "metadata": {
        "colab": {
          "base_uri": "https://localhost:8080/"
        },
        "id": "S7Eqk2Stkren",
        "outputId": "926ac61a-711b-4235-d37d-aebb7177183b"
      },
      "execution_count": null,
      "outputs": [
        {
          "output_type": "stream",
          "name": "stdout",
          "text": [
            "[[ 1.00564972  0.09493026  0.21273976 -0.31198788  0.27232816  0.29073446\n",
            "   0.23815287 -0.15681042  0.13747022  0.549451   -0.07215255  0.07275191\n",
            "   0.64735687]\n",
            " [ 0.09493026  1.00564972  0.16497228  0.29013035 -0.05488343 -0.3370606\n",
            "  -0.41332866  0.29463237 -0.22199334  0.25039204 -0.56446685 -0.37079354\n",
            "  -0.19309537]\n",
            " [ 0.21273976  0.16497228  1.00564972  0.44587209  0.28820583  0.12970824\n",
            "   0.11572743  0.1872826   0.00970647  0.2603499  -0.07508874  0.00393333\n",
            "   0.22488969]\n",
            " [-0.31198788  0.29013035  0.44587209  1.00564972 -0.0838039  -0.32292752\n",
            "  -0.353355    0.36396647 -0.19844168  0.01883781 -0.27550299 -0.27833221\n",
            "  -0.44308618]\n",
            " [ 0.27232816 -0.05488343  0.28820583 -0.0838039   1.00564972  0.21561254\n",
            "   0.19688989 -0.25774204  0.23777643  0.20107967  0.05571118  0.06637684\n",
            "   0.39557317]\n",
            " [ 0.29073446 -0.3370606   0.12970824 -0.32292752  0.21561254  1.00564972\n",
            "   0.86944804 -0.45247731  0.61587304 -0.05544792  0.43613151  0.70390388\n",
            "   0.50092909]\n",
            " [ 0.23815287 -0.41332866  0.11572743 -0.353355    0.19688989  0.86944804\n",
            "   1.00564972 -0.54093859  0.65637929 -0.17335329  0.54654907  0.79164133\n",
            "   0.49698518]\n",
            " [-0.15681042  0.29463237  0.1872826   0.36396647 -0.25774204 -0.45247731\n",
            "  -0.54093859  1.00564972 -0.36791202  0.13984265 -0.26412347 -0.50611293\n",
            "  -0.31314443]\n",
            " [ 0.13747022 -0.22199334  0.00970647 -0.19844168  0.23777643  0.61587304\n",
            "   0.65637929 -0.36791202  1.00564972 -0.02539259  0.29721399  0.52199968\n",
            "   0.33228346]\n",
            " [ 0.549451    0.25039204  0.2603499   0.01883781  0.20107967 -0.05544792\n",
            "  -0.17335329  0.13984265 -0.02539259  1.00564972 -0.52476129 -0.43123763\n",
            "   0.31788599]\n",
            " [-0.07215255 -0.56446685 -0.07508874 -0.27550299  0.05571118  0.43613151\n",
            "   0.54654907 -0.26412347  0.29721399 -0.52476129  1.00564972  0.56866303\n",
            "   0.23751782]\n",
            " [ 0.07275191 -0.37079354  0.00393333 -0.27833221  0.06637684  0.70390388\n",
            "   0.79164133 -0.50611293  0.52199968 -0.43123763  0.56866303  1.00564972\n",
            "   0.31452809]\n",
            " [ 0.64735687 -0.19309537  0.22488969 -0.44308618  0.39557317  0.50092909\n",
            "   0.49698518 -0.31314443  0.33228346  0.31788599  0.23751782  0.31452809\n",
            "   1.00564972]]\n",
            "\n",
            "[[ 1.00564972  0.09493026  0.21273976 -0.31198788  0.27232816  0.29073446\n",
            "   0.23815287 -0.15681042  0.13747022  0.549451   -0.07215255  0.07275191\n",
            "   0.64735687]\n",
            " [ 0.09493026  1.00564972  0.16497228  0.29013035 -0.05488343 -0.3370606\n",
            "  -0.41332866  0.29463237 -0.22199334  0.25039204 -0.56446685 -0.37079354\n",
            "  -0.19309537]\n",
            " [ 0.21273976  0.16497228  1.00564972  0.44587209  0.28820583  0.12970824\n",
            "   0.11572743  0.1872826   0.00970647  0.2603499  -0.07508874  0.00393333\n",
            "   0.22488969]\n",
            " [-0.31198788  0.29013035  0.44587209  1.00564972 -0.0838039  -0.32292752\n",
            "  -0.353355    0.36396647 -0.19844168  0.01883781 -0.27550299 -0.27833221\n",
            "  -0.44308618]\n",
            " [ 0.27232816 -0.05488343  0.28820583 -0.0838039   1.00564972  0.21561254\n",
            "   0.19688989 -0.25774204  0.23777643  0.20107967  0.05571118  0.06637684\n",
            "   0.39557317]\n",
            " [ 0.29073446 -0.3370606   0.12970824 -0.32292752  0.21561254  1.00564972\n",
            "   0.86944804 -0.45247731  0.61587304 -0.05544792  0.43613151  0.70390388\n",
            "   0.50092909]\n",
            " [ 0.23815287 -0.41332866  0.11572743 -0.353355    0.19688989  0.86944804\n",
            "   1.00564972 -0.54093859  0.65637929 -0.17335329  0.54654907  0.79164133\n",
            "   0.49698518]\n",
            " [-0.15681042  0.29463237  0.1872826   0.36396647 -0.25774204 -0.45247731\n",
            "  -0.54093859  1.00564972 -0.36791202  0.13984265 -0.26412347 -0.50611293\n",
            "  -0.31314443]\n",
            " [ 0.13747022 -0.22199334  0.00970647 -0.19844168  0.23777643  0.61587304\n",
            "   0.65637929 -0.36791202  1.00564972 -0.02539259  0.29721399  0.52199968\n",
            "   0.33228346]\n",
            " [ 0.549451    0.25039204  0.2603499   0.01883781  0.20107967 -0.05544792\n",
            "  -0.17335329  0.13984265 -0.02539259  1.00564972 -0.52476129 -0.43123763\n",
            "   0.31788599]\n",
            " [-0.07215255 -0.56446685 -0.07508874 -0.27550299  0.05571118  0.43613151\n",
            "   0.54654907 -0.26412347  0.29721399 -0.52476129  1.00564972  0.56866303\n",
            "   0.23751782]\n",
            " [ 0.07275191 -0.37079354  0.00393333 -0.27833221  0.06637684  0.70390388\n",
            "   0.79164133 -0.50611293  0.52199968 -0.43123763  0.56866303  1.00564972\n",
            "   0.31452809]\n",
            " [ 0.64735687 -0.19309537  0.22488969 -0.44308618  0.39557317  0.50092909\n",
            "   0.49698518 -0.31314443  0.33228346  0.31788599  0.23751782  0.31452809\n",
            "   1.00564972]]\n"
          ]
        }
      ]
    },
    {
      "cell_type": "markdown",
      "source": [
        "### **EigenValues and EigenVectors**"
      ],
      "metadata": {
        "id": "I5YImci7rmVe"
      }
    },
    {
      "cell_type": "code",
      "source": [
        "values, vectors = np.linalg.eig(cov)\n",
        "print(values)\n",
        "print()\n",
        "max_abs_idx = np.argmax(np.abs(vectors), axis=0)\n",
        "signs = np.sign(vectors[max_abs_idx, range(vectors.shape[0])])\n",
        "vectors = vectors*signs[np.newaxis,:]\n",
        "vectors = vectors.T\n",
        "print(vectors)"
      ],
      "metadata": {
        "colab": {
          "base_uri": "https://localhost:8080/"
        },
        "id": "29tpF1T5quCR",
        "outputId": "ae24b4fa-bf87-45cf-c2f9-039ab248970a"
      },
      "execution_count": null,
      "outputs": [
        {
          "output_type": "stream",
          "name": "stdout",
          "text": [
            "[4.73243698 2.51108093 1.45424187 0.92416587 0.85804868 0.64528221\n",
            " 0.55414147 0.10396199 0.35046627 0.16972374 0.29051203 0.22706428\n",
            " 0.25232001]\n",
            "\n",
            "[[ 0.1443294  -0.24518758 -0.00205106 -0.23932041  0.14199204  0.39466085\n",
            "   0.4229343  -0.2985331   0.31342949 -0.0886167   0.29671456  0.37616741\n",
            "   0.28675223]\n",
            " [ 0.48365155  0.22493093  0.31606881 -0.0105905   0.299634    0.06503951\n",
            "  -0.00335981  0.02877949  0.03930172  0.52999567 -0.27923515 -0.16449619\n",
            "   0.36490283]\n",
            " [-0.20738262  0.08901289  0.6262239   0.61208035  0.13075693  0.14617896\n",
            "   0.1506819   0.17036816  0.14945431 -0.13730621  0.08522192  0.16600459\n",
            "  -0.12674592]\n",
            " [-0.0178563   0.53689028 -0.21417556  0.06085941 -0.35179658  0.19806835\n",
            "   0.15229479 -0.20330102  0.39905653  0.06592568 -0.42777141  0.18412074\n",
            "  -0.23207086]\n",
            " [-0.26566365  0.03521363 -0.14302547  0.06610294  0.72704851 -0.14931841\n",
            "  -0.10902584 -0.50070298  0.13685982 -0.07643678 -0.17361452 -0.10116099\n",
            "  -0.1578688 ]\n",
            " [ 0.21353865  0.53681385  0.15447466 -0.10082451  0.03814394 -0.0841223\n",
            "  -0.01892002 -0.25859401 -0.53379539 -0.41864414  0.10598274  0.26585107\n",
            "   0.11972557]\n",
            " [-0.05639636  0.42052391 -0.14917061 -0.28696914  0.3228833  -0.02792498\n",
            "  -0.06068521  0.59544729  0.37213935 -0.22771214  0.23207564 -0.0447637\n",
            "   0.0768045 ]\n",
            " [ 0.01496997  0.02596375 -0.14121803  0.09168285  0.05677422 -0.46390791\n",
            "   0.83225706  0.11403985 -0.11691707 -0.0119928  -0.08988884 -0.15671813\n",
            "   0.01444734]\n",
            " [ 0.39613926  0.06582674 -0.17026002  0.42797018 -0.15636143 -0.40593409\n",
            "  -0.18724536 -0.23328465  0.36822675 -0.03379692  0.43662362 -0.07810789\n",
            "   0.12002267]\n",
            " [-0.26628645  0.12169604 -0.04962237 -0.05574287  0.06222011 -0.30388245\n",
            "  -0.04289883  0.04235219 -0.09555303  0.60422163  0.259214    0.60095872\n",
            "  -0.07940162]\n",
            " [-0.50861912  0.07528304  0.30769445 -0.20044931 -0.27140257 -0.28603452\n",
            "  -0.04957849 -0.19550132  0.20914487 -0.05621752 -0.08582839 -0.1372269\n",
            "   0.57578611]\n",
            " [-0.22591696  0.07648554 -0.49869142  0.47931378  0.07128891  0.30434119\n",
            "  -0.02569409  0.11689586 -0.23736257  0.0318388  -0.04821201  0.0464233\n",
            "   0.53926983]\n",
            " [ 0.21160473 -0.30907994 -0.02712539  0.05279942  0.06787022 -0.32013135\n",
            "  -0.16315051  0.21553507  0.1341839  -0.29077518 -0.52239889  0.52370587\n",
            "   0.162116  ]]\n"
          ]
        }
      ]
    },
    {
      "cell_type": "code",
      "source": [
        "indices = np.argsort(values)[::-1]\n",
        "eig = vectors[indices]\n",
        "print(eig)"
      ],
      "metadata": {
        "colab": {
          "base_uri": "https://localhost:8080/"
        },
        "id": "uTmZtz1KvSeE",
        "outputId": "476031c7-2b53-44ff-b597-cc680dad2e5a"
      },
      "execution_count": null,
      "outputs": [
        {
          "output_type": "stream",
          "name": "stdout",
          "text": [
            "[[ 0.1443294  -0.24518758 -0.00205106 -0.23932041  0.14199204  0.39466085\n",
            "   0.4229343  -0.2985331   0.31342949 -0.0886167   0.29671456  0.37616741\n",
            "   0.28675223]\n",
            " [ 0.48365155  0.22493093  0.31606881 -0.0105905   0.299634    0.06503951\n",
            "  -0.00335981  0.02877949  0.03930172  0.52999567 -0.27923515 -0.16449619\n",
            "   0.36490283]\n",
            " [-0.20738262  0.08901289  0.6262239   0.61208035  0.13075693  0.14617896\n",
            "   0.1506819   0.17036816  0.14945431 -0.13730621  0.08522192  0.16600459\n",
            "  -0.12674592]\n",
            " [-0.0178563   0.53689028 -0.21417556  0.06085941 -0.35179658  0.19806835\n",
            "   0.15229479 -0.20330102  0.39905653  0.06592568 -0.42777141  0.18412074\n",
            "  -0.23207086]\n",
            " [-0.26566365  0.03521363 -0.14302547  0.06610294  0.72704851 -0.14931841\n",
            "  -0.10902584 -0.50070298  0.13685982 -0.07643678 -0.17361452 -0.10116099\n",
            "  -0.1578688 ]\n",
            " [ 0.21353865  0.53681385  0.15447466 -0.10082451  0.03814394 -0.0841223\n",
            "  -0.01892002 -0.25859401 -0.53379539 -0.41864414  0.10598274  0.26585107\n",
            "   0.11972557]\n",
            " [-0.05639636  0.42052391 -0.14917061 -0.28696914  0.3228833  -0.02792498\n",
            "  -0.06068521  0.59544729  0.37213935 -0.22771214  0.23207564 -0.0447637\n",
            "   0.0768045 ]\n",
            " [ 0.39613926  0.06582674 -0.17026002  0.42797018 -0.15636143 -0.40593409\n",
            "  -0.18724536 -0.23328465  0.36822675 -0.03379692  0.43662362 -0.07810789\n",
            "   0.12002267]\n",
            " [-0.50861912  0.07528304  0.30769445 -0.20044931 -0.27140257 -0.28603452\n",
            "  -0.04957849 -0.19550132  0.20914487 -0.05621752 -0.08582839 -0.1372269\n",
            "   0.57578611]\n",
            " [ 0.21160473 -0.30907994 -0.02712539  0.05279942  0.06787022 -0.32013135\n",
            "  -0.16315051  0.21553507  0.1341839  -0.29077518 -0.52239889  0.52370587\n",
            "   0.162116  ]\n",
            " [-0.22591696  0.07648554 -0.49869142  0.47931378  0.07128891  0.30434119\n",
            "  -0.02569409  0.11689586 -0.23736257  0.0318388  -0.04821201  0.0464233\n",
            "   0.53926983]\n",
            " [-0.26628645  0.12169604 -0.04962237 -0.05574287  0.06222011 -0.30388245\n",
            "  -0.04289883  0.04235219 -0.09555303  0.60422163  0.259214    0.60095872\n",
            "  -0.07940162]\n",
            " [ 0.01496997  0.02596375 -0.14121803  0.09168285  0.05677422 -0.46390791\n",
            "   0.83225706  0.11403985 -0.11691707 -0.0119928  -0.08988884 -0.15671813\n",
            "   0.01444734]]\n"
          ]
        }
      ]
    },
    {
      "cell_type": "markdown",
      "source": [
        "### **Select the top K eigenvectors and Final Projection**"
      ],
      "metadata": {
        "id": "4ge5wuxxx_3V"
      }
    },
    {
      "cell_type": "code",
      "source": [
        "k = 2\n",
        "W = eig[:k]\n",
        "X_proj = My_X_scaled @ W.T\n",
        "print(X_proj.shape)\n",
        "print(X_proj[:10])"
      ],
      "metadata": {
        "colab": {
          "base_uri": "https://localhost:8080/"
        },
        "id": "TTyvVUMtw9Zu",
        "outputId": "c7899658-81e2-494f-a82c-18cbb6de1468"
      },
      "execution_count": null,
      "outputs": [
        {
          "output_type": "stream",
          "name": "stdout",
          "text": [
            "(178, 2)\n",
            "[[ 3.31675081  1.44346263]\n",
            " [ 2.20946492 -0.33339289]\n",
            " [ 2.51674015  1.0311513 ]\n",
            " [ 3.75706561  2.75637191]\n",
            " [ 1.00890849  0.86983082]\n",
            " [ 3.05025392  2.12240111]\n",
            " [ 2.44908967  1.17485013]\n",
            " [ 2.05943687  1.60896307]\n",
            " [ 2.5108743   0.91807096]\n",
            " [ 2.75362819  0.78943767]]\n"
          ]
        }
      ]
    },
    {
      "cell_type": "markdown",
      "source": [
        "### **Built-in PCA**"
      ],
      "metadata": {
        "id": "s7UpRN8O0beJ"
      }
    },
    {
      "cell_type": "code",
      "source": [
        "model = PCA(n_components = k)\n",
        "X_2D = model.fit_transform(X_scaled)\n",
        "print(X_2D[:10])"
      ],
      "metadata": {
        "colab": {
          "base_uri": "https://localhost:8080/"
        },
        "id": "bk8hac4_y-j6",
        "outputId": "965dd512-a582-4e08-bde9-0ab55ae51c02"
      },
      "execution_count": null,
      "outputs": [
        {
          "output_type": "stream",
          "name": "stdout",
          "text": [
            "[[ 3.31675081 -1.44346263]\n",
            " [ 2.20946492  0.33339289]\n",
            " [ 2.51674015 -1.0311513 ]\n",
            " [ 3.75706561 -2.75637191]\n",
            " [ 1.00890849 -0.86983082]\n",
            " [ 3.05025392 -2.12240111]\n",
            " [ 2.44908967 -1.17485013]\n",
            " [ 2.05943687 -1.60896307]\n",
            " [ 2.5108743  -0.91807096]\n",
            " [ 2.75362819 -0.78943767]]\n"
          ]
        }
      ]
    },
    {
      "cell_type": "markdown",
      "source": [
        "# **YES !!!! SAME RESULT FROM BUILT-IN AND MY OWN PCA!!**"
      ],
      "metadata": {
        "id": "TbUKQ2x00a7P"
      }
    }
  ]
}